$ANSIBLE_VAULT;1.1;AES256
66303161306139316162363035373464323361646431646439323662626663346231346136313334
6538633232366463396431623864386632386663626635640a383837343762313335346466343565
64386463626133366235623538356263353661346665376335643462613833343862626333663063
3634666337393265630a383533623363303033643437656630346230666230633161613666386462
33313835633831383030656135653133626435326539643838373666383865313231633165616261
35323961343138313338653962303938623535373536346238303561343534383936633930396431
32373266643863313661613431663939633461623135646430653134653934626239326664373630
38623338646138636364613564366335353931303535316662663033363139643263333863316236
66623735353332333537383862323639383238613133356533353130643866626337616135643065
62393865336464393137363762373338303339333135323435363365366361313738323766316637
63386266323433663837333166333365653530623736353530356663313033333163333539643163
32396564646462393034323966636235373839663933663239373862663161643435643132386339
62306533386364336631613135386465353739616332393166353764656537393065393930363334
30313065353163626439356130353739666230666433636436366130346437653330663263653138
35396261366234653330636166303464376330623032666664626662343234663564363234323536
34306662386333316331343036303164383036353565613438623438653831623461316362656333
3937
